1,4.2
10,32.2
100,167.9
11,28.4
12,29.9
13,33.3
14,36.6
15,35.6
16,36.4
17,42.3
18,42.5
19,44.3
2,5.0
20,43.6
21,51.9
22,49.2
23,48.9
24,53.4
25,51.4
26,54.9
27,54.7
28,58.9
29,60.9
3,6.2
30,59.5
31,69.9
32,68.1
33,69.7
34,70.1
35,71.7
36,74.1
37,75.4
38,75.6
39,81.0
4,8.1
40,81.6
41,80.1
42,89.5
43,87.8
44,90.9
45,85.2
46,88.2
47,88.7
48,92.0
49,100.6
5,11.6
50,98.7
51,93.8
52,100.1
53,102.3
54,105.4
55,111.2
56,114.9
57,105.9
58,119.3
59,115.9
6,15.6
60,114.0
61,116.7
62,125.1
63,116.2
64,123.1
65,123.8
66,126.3
67,128.3
68,126.4
69,129.9
7,22.5
70,126.6
71,132.0
72,135.3
73,139.3
74,129.4
75,137.6
76,134.4
77,141.0
78,145.3
79,143.3
8,25.1
80,141.9
81,148.2
82,154.3
83,145.0
84,155.3
85,143.8
86,147.5
87,154.7
88,152.1
89,153.5
9,30.2
90,154.3
91,156.2
92,155.8
93,158.4
94,159.3
95,154.8
96,167.9
97,167.0
98,173.8
99,169.9
