1,9.2
10,36.6
100,174.0
11,27.9
12,29.9
13,42.5
14,37.5
15,47.2
16,40.0
17,46.9
18,45.8
19,45.2
2,8.0
20,49.8
21,52.7
22,46.7
23,52.4
24,51.9
25,65.1
26,56.8
27,59.7
28,55.3
29,62.2
3,8.8
30,76.2
31,69.8
32,63.2
33,82.8
34,71.2
35,77.4
36,78.0
37,69.4
38,85.7
39,74.3
4,14.9
40,79.6
41,84.4
42,83.0
43,89.2
44,85.2
45,85.7
46,97.5
47,100.6
48,98.2
49,99.1
5,15.4
50,106.3
51,97.0
52,108.6
53,93.5
54,105.3
55,109.3
56,103.0
57,109.4
58,110.5
59,109.7
6,18.2
60,114.1
61,114.6
62,107.4
63,119.8
64,116.3
65,123.1
66,125.5
67,126.4
68,131.0
69,125.2
7,23.9
70,133.2
71,132.3
72,132.3
73,131.8
74,133.3
75,141.6
76,135.3
77,132.7
78,134.8
79,146.7
8,24.5
80,143.1
81,150.1
82,138.7
83,153.8
84,138.5
85,153.0
86,143.7
87,147.7
88,145.8
89,150.2
9,26.1
90,164.3
91,160.9
92,160.1
93,162.2
94,154.3
95,170.8
96,175.2
97,164.2
98,175.2
99,177.1
