1,5.8
10,36.2
100,201.0
11,42.6
12,43.8
13,55.2
14,50.5
15,49.1
16,48.2
17,53.1
18,53.2
19,54.1
2,11.3
20,60.6
21,64.0
22,61.1
23,60.4
24,69.4
25,76.2
26,70.1
27,77.2
28,76.9
29,85.0
3,17.9
30,85.8
31,74.8
32,92.5
33,86.8
34,93.2
35,87.2
36,101.8
37,95.8
38,99.3
39,103.7
4,17.8
40,103.1
41,110.7
42,108.1
43,109.5
44,110.5
45,117.1
46,115.3
47,116.5
48,116.5
49,116.1
5,21.5
50,126.9
51,122.2
52,132.6
53,124.6
54,126.0
55,133.9
56,126.5
57,135.7
58,136.2
59,138.1
6,26.0
60,138.6
61,142.6
62,141.5
63,142.3
64,154.5
65,147.2
66,151.7
67,150.6
68,148.5
69,155.7
7,25.0
70,155.0
71,149.5
72,149.2
73,155.7
74,163.0
75,170.4
76,162.2
77,174.9
78,169.1
79,171.8
8,30.3
80,178.0
81,174.6
82,173.4
83,173.9
84,182.4
85,176.5
86,185.7
87,184.4
88,187.3
89,186.2
9,36.1
90,188.1
91,186.5
92,193.0
93,198.4
94,200.7
95,198.6
96,205.5
97,195.5
98,204.4
99,206.0
