1,4.18
10,38.31
100,191.87
11,39.49
12,41.98
13,46.26
14,48.12
15,50.49
16,52.64
17,53.43
18,58.48
19,63.02
2,11.23
20,60.03
21,62.28
22,64.57
23,67.36
24,69.51
25,72.78
26,75.65
27,76.94
28,78.34
29,82.62
3,15.66
30,81.94
31,83.68
32,86.46
33,89.16
34,91.02
35,91.43
36,96.42
37,99.13
38,100.04
39,99.39
4,19.62
40,102.96
41,102.83
42,107.17
43,108.13
44,109.49
45,110.41
46,112.49
47,114.03
48,116.51
49,118.26
100,195.8
5,23.7
50,119.8
51,121.4
52,121.1
53,121.4
54,125.0
55,126.6
56,132.4
57,129.1
58,134.6
59,136.0
6,21.0
60,136.6
61,141.5
62,137.1
63,145.1
64,145.0
65,140.9
66,149.1
67,147.9
68,148.0
69,157.2
7,31.9
70,155.9
71,150.9
72,154.6
73,161.5
74,161.6
75,162.1
76,166.8
77,170.8
78,170.8
79,169.9
8,30.8
80,168.1
81,168.6
82,176.4
83,178.8
84,178.6
85,172.4
86,178.2
87,179.0
88,184.3
89,180.3
9,31.7
90,182.5
91,180.4
92,183.9
93,185.6
94,183.2
95,186.2
96,194.5
97,194.1
98,198.5
99,194.4
