1,1.1
10,25.5
100,175.4
11,26.3
12,27.9
13,29.1
14,32.1
15,32.2
16,36.5
17,34.1
18,36.1
19,38.5
2,3.6
20,41.8
21,43.8
22,53.2
23,43.7
24,47.1
25,49.6
26,55.5
27,54.3
28,54.8
29,58.1
3,6.2
30,65.0
31,67.7
32,62.3
33,68.5
34,71.8
35,72.8
36,76.5
37,79.6
38,79.3
39,84.4
4,16.3
40,79.9
41,82.0
42,84.5
43,79.5
44,88.1
45,88.1
46,93.9
47,93.8
48,87.5
49,97.2
5,18.4
50,96.7
51,103.9
52,103.1
53,109.3
54,112.8
55,105.4
56,107.9
57,109.7
58,117.0
59,123.2
6,16.3
60,116.2
61,120.4
62,125.0
63,121.8
64,132.7
65,116.7
66,129.1
67,129.2
68,140.9
69,130.5
7,19.0
70,131.5
71,131.6
72,130.6
73,144.2
74,145.0
75,144.6
76,141.4
77,145.5
78,145.3
79,142.5
8,24.9
80,144.7
81,145.3
82,148.6
83,159.8
84,152.1
85,155.7
86,162.7
87,162.4
88,164.8
89,163.0
9,25.8
90,162.0
91,166.8
92,172.7
93,170.1
94,166.3
95,169.8
96,168.6
97,171.8
98,174.8
99,170.2
