1,4.4
10,35.8
100,192.7
11,42.3
12,46.2
13,43.2
14,44.0
15,48.0
16,49.6
17,58.4
18,53.5
19,62.7
2,14.6
20,62.9
21,65.2
22,63.6
23,65.8
24,67.3
25,73.5
26,77.7
27,73.6
28,77.3
29,77.3
3,11.6
30,83.4
31,86.2
32,89.7
33,89.0
34,92.8
35,90.7
36,93.8
37,95.0
38,95.6
39,98.9
4,19.2
40,101.7
41,98.0
42,99.9
43,99.7
44,106.9
45,115.4
46,105.0
47,106.8
48,116.2
49,114.5
5,20.6
50,115.0
51,118.6
52,121.5
53,122.0
54,124.2
55,126.2
56,128.7
57,129.7
58,136.8
59,132.7
6,24.8
60,139.2
61,142.4
62,135.4
63,145.2
64,151.4
65,143.8
66,145.2
67,143.9
68,152.3
69,155.1
7,24.8
70,158.1
71,153.3
72,158.5
73,164.7
74,156.0
75,161.6
76,161.0
77,174.8
78,164.2
79,168.3
8,33.8
80,174.5
81,173.5
82,171.0
83,177.4
84,172.8
85,177.0
86,184.6
87,179.2
88,182.6
89,184.7
9,37.7
90,185.7
91,193.4
92,184.2
93,182.8
94,193.1
95,184.0
96,186.5
97,188.3
98,184.4
99,190.6
