1,1.0
10,11.5
100,108.9
11,12.7
12,12.5
13,14.4
14,15.1
15,17.2
16,17.4
17,18.4
18,19.3
19,22.1
2,2.1
20,20.4
21,23.0
22,23.0
23,26.0
24,27.3
25,27.8
26,31.9
27,31.1
28,30.7
29,32.0
3,4.0
30,31.7
31,33.9
32,35.9
33,34.7
34,40.6
35,37.0
36,40.0
37,40.8
38,41.0
39,45.0
4,4.1
40,43.7
41,45.2
42,45.8
43,48.0
44,47.4
45,50.7
46,51.2
47,50.6
48,51.1
49,52.2
5,5.3
50,60.4
51,55.4
52,63.4
53,66.9
54,60.5
55,63.9
56,66.9
57,65.2
58,63.3
59,63.8
6,6.6
60,67.1
61,71.5
62,72.4
63,68.8
64,67.9
65,74.5
66,79.4
67,77.8
68,77.4
69,74.9
7,7.1
70,75.4
71,77.9
72,79.2
73,80.2
74,79.5
75,84.6
76,81.5
77,83.3
78,87.4
79,89.2
8,8.6
80,88.9
81,93.4
82,95.8
83,96.5
84,93.5
85,93.6
86,102.1
87,96.1
88,93.6
89,96.7
9,9.4
90,99.2
91,103.0
92,99.5
93,111.4
94,100.2
95,101.7
96,107.0
97,104.3
98,110.0
99,109.1
